2 5
sat0 0
1 00001U 00000ABC 00001.00000000  .00000000  00000-0  00000+0 0    04
2 00001  70.0000   0.0000 0067030 130.5000   0.0000 15.70000000    08
sat0 1
1 00002U 00000ABC 00001.00000000  .00000000  00000-0  00000+0 0    05
2 00002  70.0000   0.0000 0067030 130.5000  72.0000 15.70000000    08
sat0 2
1 00003U 00000ABC 00001.00000000  .00000000  00000-0  00000+0 0    06
2 00003  70.0000   0.0000 0067030 130.5000 144.0000 15.70000000    09
sat0 3
1 00004U 00000ABC 00001.00000000  .00000000  00000-0  00000+0 0    07
2 00004  70.0000   0.0000 0067030 130.5000 216.0000 15.70000000    00
sat0 4
1 00005U 00000ABC 00001.00000000  .00000000  00000-0  00000+0 0    08
2 00005  70.0000   0.0000 0067030 130.5000 288.0000 15.70000000    00
sat0 5
1 00006U 00000ABC 00001.00000000  .00000000  00000-0  00000+0 0    09
2 00006  70.0000 180.0000 0067030 130.5000  36.0000 15.70000000    01
sat0 6
1 00007U 00000ABC 00001.00000000  .00000000  00000-0  00000+0 0    00
2 00007  70.0000 180.0000 0067030 130.5000 108.0000 15.70000000    02
sat0 7
1 00008U 00000ABC 00001.00000000  .00000000  00000-0  00000+0 0    01
2 00008  70.0000 180.0000 0067030 130.5000 180.0000 15.70000000    03
sat0 8
1 00009U 00000ABC 00001.00000000  .00000000  00000-0  00000+0 0    02
2 00009  70.0000 180.0000 0067030 130.5000 252.0000 15.70000000    04
sat0 9
1 00010U 00000ABC 00001.00000000  .00000000  00000-0  00000+0 0    04
2 00010  70.0000 180.0000 0067030 130.5000 324.0000 15.70000000    06
